3 0.0703125 0.6265625 0.0953125 0.3390625
0 0.4765625 0.4703125 0.4765625 0.584375
3 0.909375 0.634375 0.121875 0.334375
3 0.8109375 0.6421875 0.103125 0.3125
3 0.165625 0.6359375 0.0984375 0.3171875
3 0.246875 0.6390625 0.09375 0.3046875
3 0.7171875 0.7046875 0.1125 0.1953125
3 0.53125 0.7015625 0.10625 0.196875
3 0.61875 0.7 0.1 0.20625
3 0.3921875 0.6953125 0.115625 0.209375
3 0.3375 0.6390625 0.090625 0.309375
3 0.425 0.6375 0.10625 0.3125
3 0.6015625 0.565625 0.10625 0.175
3 0.7171875 0.5453125 0.0953125 0.2734375
3 0.6609375 0.565625 0.0703125 0.1890625
3 0.5109375 0.5828125 0.0796875 0.1765625