0 0.4953125 0.6140625 0.375 0.50625
1 0.1921875 0.6453125 0.209375 0.2234375
1 0.1953125 0.278125 0.109375 0.1125
0 0.8359375 0.41875 0.1640625 0.3359375
1 0.7296875 0.3546875 0.084375 0.1109375
1 0.628125 0.2484375 0.0953125 0.0765625
1 0.159375 0.353125 0.1234375 0.0546875
1 0.15625 0.515625 0.1453125 0.14375
1 0.4015625 0.2953125 0.1078125 0.0796875
1 0.7046875 0.265625 0.0890625 0.0421875
1 0.728125 0.41875 0.0671875 0.125
0 0.8234375 0.196875 0.1515625 0.1359375
1 0.4796875 0.3109375 0.0796875 0.0421875