3 0.4390625 0.7546875 0.065625 0.19375
3 0.1125 0.7359375 0.05625 0.1390625
3 0.8484375 0.753125 0.0515625 0.24375
3 0.2546875 0.7375 0.0546875 0.1453125
3 0.6671875 0.7703125 0.0734375 0.1828125
1 0.53125 0.7328125 0.1703125 0.1765625
1 0.2265625 0.7296875 0.1203125 0.134375
1 0.3296875 0.73125 0.1140625 0.14375
1 0.8046875 0.746875 0.390625 0.221875
1 0.28125 0.7296875 0.1140625 0.1375
1 0.015625 0.7359375 0.0296875 0.1296875
1 0.6109375 0.7359375 0.175 0.184375
1 0.409375 0.73125 0.1859375 0.1609375
1 0.175 0.728125 0.0953125 0.11875
1 0.1421875 0.7328125 0.071875 0.1203125