1 0.8796875 0.5796875 0.2390625 0.1140625
2 0.3734375 0.65 0.1359375 0.1578125
2 0.128125 0.6484375 0.1421875 0.1609375
2 0.6328125 0.6390625 0.1234375 0.1703125
3 0.2234375 0.6140625 0.0640625 0.2171875
3 0.4796875 0.6203125 0.0453125 0.196875
3 0.271875 0.621875 0.059375 0.20625
3 0.5359375 0.6125 0.0578125 0.209375
3 0.921875 0.625 0.0515625 0.1984375
2 0.8359375 0.6421875 0.121875 0.1640625
3 0.7453125 0.6203125 0.053125 0.20625
3 0.3765625 0.6203125 0.1328125 0.20625
3 0.1265625 0.6296875 0.13125 0.1984375
3 0.834375 0.6140625 0.134375 0.2015625
3 0.6328125 0.621875 0.103125 0.1890625