3 0.0953125 0.5890625 0.15 0.215625
1 0.4171875 0.503125 0.0875 0.05
2 0.540625 0.55 0.0875 0.05625
2 0.6921875 0.546875 0.096875 0.0875
3 0.5390625 0.5203125 0.05625 0.075
2 0.0390625 0.528125 0.078125 0.04375
2 0.615625 0.5265625 0.0640625 0.0484375
3 0.6203125 0.5125 0.028125 0.065625
0 0.6625 0.478125 0.1359375 0.075
1 0.6703125 0.4921875 0.115625 0.0484375
3 0.7 0.509375 0.0390625 0.05
1 0.7703125 0.4859375 0.04375 0.0328125
2 0.796875 0.4984375 0.0375 0.0265625
3 0.7953125 0.4875 0.0203125 0.040625
1 0.8359375 0.4859375 0.05 0.0359375
1 0.196875 0.50625 0.1578125 0.0609375
3 0.1875 0.4953125 0.0453125 0.04375
3 0.065625 0.5125 0.025 0.0625
3 0.0390625 0.5125 0.034375 0.05